1101101011111001110111111010111111001100010101100001001000100011011011111110001110001001011001011011
0111001111001001000011001010101111011010111110111101000001011011111010000010001101011100000001011111
0011101001100000101110101100110001101100110111011010010010000111011001000101011000111001100000001111
0110001011100011001011001100001010111110101011100110001011010000010010000000001010110100011010000111
1100110010010111101000110000100000001000101010011001011100101011110100110011100011110011100010000010
0001001000011010010100100011100100010110110001000111101010101110110111011110011011000010010111000011
0010111100000111000000111000000110110111000110000010100110001110011001110000110010111011110001101110
1000110011010100101101101011000001000110100010000100000011111101000111000010000111101011101110001010
1001100111000101001100111001000011010111110101101101000011101111011001000111100111001110100010101110
1011011111110111011100111000000011011000100011110110001100110111010011111010011100100000010011111001
0111110000111110010011101100001101000010100100011000101010011110101001101000011110001000110011010111
1011010010101110110010110100000011100110111010001111111111110110001101100101010100101100110010100110
1101011010011010000100100101011011110000100000011101101011010110101001010100010001100001101111000100
1001101101100000011000110010111111010101100011110100000100010100100001000101111100000110100001101010
1010001101010010110110000011100101101000110100000001011111100111111111110111010101100010001010100111
0110100100010001011001110001111111111011011110000110101111111111010010101111111111000011000000101011
1001101110100111100001011100101011101101111111011011111010000001110100111110000110100010111111100000
1000001111000000001000000101010110010100101010101100111111100010001110110010100100010100000110101000
1010101111001100011101111101111111100000010101101100011010001010100010010010000011000001101001010001
0001011010011100111010011000110110011111000011100011101011111111101001000100001100101101011101111000
1101000100100101001100101111111010100111000010000111100110110010110101111011001111101101000101100101
0000001010100001011100001111111100001100001111001110110111100000001010011100011110011101111011001010
1000110101110101110001010010010000100001111011101011110111110101000101010111100101111000001101001011
0000111001011111111110000001101111001101111000011010111101100110000001101100110111100111110010101101
1010111011100000000100101011010010111010101100101010110111111111001001000011001000010110001011010010
1000100111011111100101110111110000111001001000100011101011111010011001111001100010101100111010000111
1110100101101010001010100100100010000100000001110000000101011000101000001000100000101000011111000101
0010000000101010110000011011110111100010011010110000101101010111100101011100000111001111000110101000
1110111101111100000100010111010001010001110100001001011111110001111100100001110000011111110011111010
0111110101010110011111011110101010101000110011000000110010111010010001000111100010101100001011110010
0001010110010001111110110101110011110000010011001011110010101101100101110111001100011010101010110110
0001000110101111010100100100101010101110111101000011100010000011011100100110011011000000011011011011
1110110001101111101010010100101001111110100001001101111110001001101111100001011001110110010100010000
1100000110100111110010001010111110000010011101100100100101000001010011011111001100010111000110101110
1001001100100101110100100101100101111101100000101100000010110111111011011101100010011110001000110111
0101110001111000100001001101010011010110111001001011011111111100010100100110001111010101011000000111
1000100010111011001001000111110111111100000011010000010100000010011110010011001010011111110001010010
0111110010010001011100011100001000100110111000101010001110110000100011000101001001101110101110000110
1010101000000011001010101110011100011001100101111000011011110001000110010100101111011111100111111000
0100000010110010111101001010111111101001110100110001000100110111010011111100010011111111111001110111
0001100010001101011011100110111101010010110110011010100000101101000100001011010000100001101010111101
0101000010100100001001100001000000110110001110000010001010001001001100110001101001011110011110001010
0011010001110000101011111101010000111111000000010010001110111011011010010111011001010100111111111110
0110100101010000100111011111101000011111111100001000100110011000101111101110110111100010010010101100
1111010010000110001000101011010101101010001000110000010011001110101010111110000001001000011001101100
1010011010011011011101110001000011111011000010100101001111100101001110100100100000011010110010101001
1110000100000000010110101101010111011110111001011110111110111100000100001001000110110011011110001011
1100111011011111111010110110001010011101101110111101110010010001010100110011101010110001111101010011
0111110011100101001000011001110100000100011100001000011001110110011110100101000000111001000010001001
0000000101100001100100011000010011000101101001100100111111100110010100001000010011110101001010101100
0000111010010010000100100101100000100110011101010111011010010000111101100000001101001001000011100001
0001111011010111111110101101100011110101110110011100110000011010001000000000100001100000101111010110
1001100001011000011001000101011011110000100000011001101101010101000010111100110101001111111100100011
0111100000100110001011001100010100101000111110100010011000011101110101101111001010100100010010101000
1011100100010101101111110000100100011001101110000011001010100101101011110011111100000000110010110000
0111001100001100101110110010011010100000100110111110101010000111000111000000101001111100011000011100
0100000000010011000110110110010001110111110111110100100001100001100110001101001101110011001100000000
0101100010010010111110001001110111010100001111110110000101111011110001111111000001010101010010010001
0011101100100001111111010011010110111011010100110011101011100000100110110011010011000001011010111110
1110000010001110100001100110000100100111000111001000011101101111101000100001011110111000000110011110
1111000011100110101010011111111001111001101000000000001111111011101001011101101100000110000011101010
1011101110010101110000011001110000001000010100011011100011100100111100100000100011001100000010001011
0000010000000001000111011110100011101110010101100101110011001100100000010111111100011011101010110001
1101111110001000110000001001011111101110111110000010101000111101010001011100101100001111111000100011
0100100000000011111111011001111011111111100110000011101101010011111110010011111100110101110111111001
1010101011010000011010000011100010011010101110000101000110011011100001110000101111001110000110111100
0010100011011111110010100010110001101011101110101011010110110010110010100001010101111000000111000110
1010000110100001010111001101010111111100010111010101000011000110101001000111111110110111010101000010
1000001000011111100011101011000101001100101010000111001000000100100000000110110100111101010110101111
1010010010010110100101110001101100001000011101101111100100110101010010111001100111110000001110111011
1010000001010111010010001000000100000100100100101000001101011001101110101001010100001000010100001100
1111110101101101010001011001001111111101011110000110111111000011011000001011100001111000101011001101
0011011100110101100100101111110101010111101000011001100101010000110001110110011110001000011111110010
1101101000001110011111010111001010100011001011111101111111001011011011001100011111000110110101110011
1010011011000010001101001011111001100100110101101011000110110001101110000000010111111111111000001000
0001011110011010100101010011000111101001010000110011001111101001000110110011100111001100011000110001
1011100100000101011111110100100110111001001011010011110100010111101101000011000110011001100100111001
1110011011101000110011000011100101001010110000010011010011001011000000100110010100110010111100011010
0001100010101101000111011000010101011001111101011010110111001001011010011101111010001000010101010101
0001010001111000111110000010101101010011011100101001101110101000010110011110010000101101110000111100
0001100001100101001111100100011100110010100100111000001100100111010111000010010110100111010000110011
0100111101010011101101011101011101111110111101011000010100010111110010110011000000100101011011011110
0000110101000001110011010010011111011110101011011110011011010110010111000001111011100101100100010100
1011010010111010111001011011011010001000101000010010110100000100001110101110011111100000010111011011
1001101010000000011010111010101010011011011101011101000010110111110110011100111001101000001011111000
1111101100101011001000100010101111010101101000010100110001010101010010000110000010100111110011011000
0101100011011110001001110110101000011000101101101010010100110011011101010010100110100010010000101001
1111110000001110100100001101111111000110111101000010011110100110100100101111110101011111100101001101
1110001011110100010110111100010000110100101001110010010000101110101010100011000010010011010111000011
0101100000011001000110000111000100111010100000011011101011101001111100100011101111011111101110111001
1110101001100010010101000011100011001101110101110110011110101101111011001100010000001111111010011011
0000110010100011000000110101010111101010000001010000000000100001100010110101011100110111011110011110
1000000111101011111011011101100011111100101001110110000001110010010100010111101011000111001011100111
0100001110110111101100111100110110011111101001011101000110011111000100111010101111111011011110111010
1110101010111010101110000110000011101001101111001011001101111111111010100100111001100101111000000111
0001100110011111010010111001000111100001001011110010001110110111011100010100100010010100111001000010
0111010111110100001001111110111101110011001110001100011110010000011011010000010011101111000001011011
0100001101001100000111000011010111110001001001110010000001010000100010101000011100010011110010100010
1000010011001100101110010010100000101011011111001010110001100110010110110100100010110100010101000011
1010001011100110110111111111000000101100111011100011000100110001010001001110111111101111100101101010
